57
68
133
180
203
225
226
251
292
333
334
348
382
421
434
449
501
532
554
606
641
648
709
710
785
799
855
856
863
865
881
886
898
938
956
985
986
988
989
1028
1068
1074
1114
1166
1202
1208
1247
1290
1303
1312
1328
1437
1450
1451
1495
1502
1523
1524
1571
1738
1798
1872
1892
1969
1980
2183
2230
2239
2244
2328
2360
2380
2381
2403
2406
2422
2423
2455
2466
2487
2506
2519
2520
2585
2591
2604
2612
2613
2699
2720
2734
2743
2769
2771
2773
2794
2853
2921
2945
2946
3062
3084
3186
3206
3223
3230
3239
3335
3338
3382
3428
3464
3465
3550
3553
3555
3582
3615
3622
3644
3653
3656
3701
3710
3718
3721
3797
3836
3863
3894
3944
3984
4023
4039
4053
4141
4174
4185
4209
4247
4248
4249
4250
4283
4289
4328
4331
4332
4445
4579
4603
4631
4658
4701
4716
4718
4756
4762
4770
4809
4817
4822
4836
4851
4889
4906
4920
4950
4966
4968
5013
5034
5037
5057
5069
5079
5095
5108
5112
5149
5154
5177
5214
5281
5344
5390
5443
5456
5460
5464
5465
5483
5490
5493
5509
5516
5555
5571
5599
5673
5689
5695
5696
5754
5759
5779
5805
5835
5857
5910
5951
5964
5965
6037
6064
6082
6139
6140
6194
6203
6259
6268
6277
6282
6285
6305
6308
6334
6472
6499
6531
6562
6665
6735
6761
6780
6849
6859
7015
7021
7111
7129
7143
7146
7154
7164
7176
7274
7287
7314
7315
7316
7324
7328
7348
7362
7383
7388
7412
7427
7454
7459
7469
7506
7534
7553
7556
7593
7598
7611
7650
7651
7731
7785
7804
7811
7872
7882
7884
7901
7932
7947
7948
7961
8022
8035
8043
8067
8101
8154
8179
8189
8199
8262
8286
8287
8320
8335
8358
8376
8527
8536
8552
8570
8613
8670
8776
8804
8810
8815
8818
8836
8862
8866
8869
8896
8912
9015
9097
9098
9100
9129
9167
9174
9194
9196
9216
9228
9291
9328
9333
9390
9415
9435
9448
9481
9486
9533
9562
9577
9578
9629
9652
9698
9722
9729
9764
9820
9824
9841
9842
9899
9924
9929
9967
9969
9970
10007
10080
10099
10118
10121
10147
10163
10172
10174
10201
10260
10268
10270
10317
10403
10493
10510
10552
10577
10606
10610
10612
10676
10687
10809
10871
10883
10948
10997
11009
11041
11063
11112
11149
11181
11250
11259
11288
11299
11306
11315
11316
11322
11350
11351
11365
11400
11423
11437
11470
11611
11640
11680
11689
11705
11748
11783
11786
11841
11859
11884
12101
12112
12146
12157
12280
12297
12357
12396
12404
12480
12483
12501
12518
12606
12655
12675
12679
12762
12774
12776
12807
12843
12909
12943
12944
12964
12983
13083
13096
13108
13194
13229
13234
13264
13265
13299
13314
13320
13332
13360
13372
13382
13413
13416
13438
13482
13505
13508
13555
13561
13599
13663
13674
13678
13707
13708
13726
13767
13777
13796
13830
13832
13842
13855
14007
14008
14019
14047
14074
14161
14191
14200
14205
14268
14278
14340
14345
14357
14396
14442
14481
14544
14547
14548
14560
14569
14586
14614
14679
14730
14780
14795
14856
14888
14917
14945
14967
14976
15004
15011
15023
15051
15067
15075
15112
15114
15158
15172
15215
15267
15271
15304
15310
15323
15340
15352
15368
15371
15374
15429
15502
15516
15547
15558
15573
15607
15654
15655
15677
15715
15797
15820
15833
15857
15878
15880
15933
15953
15974
15989
16001
16002
16008
16072
16075
16111
16120
16139
16155
16157
16159
16232
16236
16262
16279
16337
16372
16460
16498
16536
16542
16567
16583
16630
16752
16773
16798
16802
16869
16896
16956
16964
16993
17000
17020
17129
17131
17170
17175
17185
17202
17212
17243
17287
17340
17346
17408
17413
17425
17442
17443
17478
17494
17496
17501
17512
17534
17550
17617
17646
17654
17677
17717
17738
17743
17754
17809
17864
17870
17917
17956
18005
18027
18051
18057
18073
18077
18088
18192
18194
18225
18280
18302
18307
18308
18334
18338
18349
18351
18389
18447
18466
18468
18480
18550
18589
18593
18611
18740
18794
18807
18827
18831
18883
18884
18897
18907
18912
18915
18948
19023
19060
19144
19155
19161
19225
19240
19298
19315
19362
19366
19377
19452
19487
19532
19538
19561
19749
19768
19783
19787
19864
19867
19869
19917
19925
19930
19938
19940
19947
19949
19965
19970
20009
20035
20047
20059
20085
20163
20201
20334
20335
20445
20463
20479
20484
20581
20620
20677
20684
20706
20719
20729
20731
20743
20778
20782
20835
20837
20855
20874
20903
20910
20919
20954
20982
20985
21041
21080
21109
21113
21172
21253
21267
21335
21339
21378
21395
21396
21474
21586
21589
21634
21651
21653
21683
21688
21718
21731
21744
21766
21786
21793
21853
21861
21867
21875
21879
21908
21937
21975
21995
22004
22010
22029
22095
22099
22112
22187
22229
22231
22236
22251
22272
22321
22382
22452
22482
22505
22543
22555
22559
22636
22813
22848
22925
23008
23070
23082
23105
23145
23153
23154
23163
23172
23184
23211
23265
23274
23379
23422
23470
23500
23563
23600
23605
23618
23645
23690
23721
23728
23744
23759
23761
23779
23807
23808
23827
23867
23872
23873
23876
23930
23942
23949
23960
23963
23982
24005
24008
24013
24042
24109
24133
24136
24142
24144
24163
24244
24255
24263
24322
24324
24336
24394
24422
24453
24523
24534
24541
24555
24569
24573
24655
24663
24675
24692
24704
24751
24771
24805
24806
24843
24875
24888
24919
24973
24984
25009
25019
25052
25076
25140
25142
25158
25210
25215
25267
25328
25338
25364
25386
25387
25398
25402
25408
25434
25472
25490
25492
25512
25524
25536
25553
25563
25609
25653
25670
25701
25748
25758
25770
25773
25799
25808
25820
25857
25861
25904
25929
25944
25956
25966
25973
26113
26170
26232
26250
26267
26282
26357
26373
26376
26395
26407
26421
26433
26464
26497
26564
26590
26625
26657
26751
26771
26789
26791
26838
26853
26881
26886
26893
26905
26958
26963
26984
27013
27018
27029
27082
27103
27106
27162
27183
27190
27194
27200
27214
27222
27358
27437
27451
27457
27492
27534
27562
27742
27762
27781
27886
27891
27916
27919
27954
27986
28015
28027
28049
28066
28069
28151
28192
28207
28229
28230
28233
28258
28261
28287
28306
28309
28320
28336
28366
28387
28389
28390
28398
28411
28441
28475
28514
28548
28549
28553
28603
28684
28732
28747
28755
28757
28800
28808
28833
28845
28864
28889
28938
28946
28958
29057
29094
29107
29166
29168
29181
29191
29204
29233
29304
29314
29421
29423
29438
29444
29505
29558
29562
29568
29668
29683
29717
29748
29784
29817
29829
29859
29875
29881
29898
29902
29983
30013
30066
30190
30270
30283
30299
30321
30340
30350
30380
30390
30391
30478
30493
30501
30507
30531
30545
30556
30608
30613
30694
30702
30712
30750
30761
30809
30822
30886
30906
30962
31210
31222
31227
31238
31262
31263
31273
31292
31293
31319
31332
31353
31361
31398
31454
31476
31489
31493
31619
31676
31678
31682
31728
31752
31757
31803
31848
31849
31854
31887
31926
31939
32023
32068
32095
32112
32136
32140
32160
32170
32232
32256
32278
32328
32384
32386
32428
32449
32468
32473
32483
32532
32627
32633
32636
32665
32754
32761
32807
32892
32908
32942
32943
32991
33032
33072
33157
33208
33211
33254
33269
33327
33337
33371
33443
33485
33488
33534
33599
33623
33670
33674
33692
33693
33727
33764
33834
33836
33840
33898
33929
33991
34032
34116
34146
34163
34188
34203
34234
34263
34365
34397
34403
34408
34417
34511
34513
34557
34558
34675
34732
34770
34808
34815
34823
34936
34937
34960
34961
34969
34979
35043
35066
35093
35108
35151
35174
35216
35220
35249
35330
35337
35346
35385
35394
35406
35444
35502
35517
35518
35523
35572
35574
35591
35594
35684
35704
35714
35726
35763
35795
35805
35837
35846
35855
35870
35874
35913
35953
35968
35993
36020
36064
36074
36086
36098
36116
36120
36190
36191
36204
36278
36279
36305
36309
36341
36352
36365
36386
36414
36415
36448
36449
36457
36462
36466
36475
36485
36526
36573
36580
36597
36618
36655
36707
36720
36724
36750
36800
36814
36825
36846
36849
36903
36933
36948
36951
36972
37032
37070
37160
37177
37215
37221
37332
37354
37483
37547
37564
37572
37602
37635
37650
37781
37807
37814
37835
37859
37882
37913
37922
37945
37969
38017
38020
38063
38066
38144
38176
38214
38248
38256
38265
38283
38301
38339
38369
38376
38378
38381
38395
38413
38421
38452
38465
38476
38536
38561
38600
38689
38693
38695
38700
38709
38717
38770
38820
38874
38954
39015
39069
39085
39138
39183
39184
39190
39204
39210
39236
39296
39297
39314
39322
39357
39379
39385
39418
39425
39429
39504
39595
39630
39631
39655
39674
39677
39701
39714
39815
39840
39849
39972
39977
39985
40008
40066
40106
40112
40178
40179
40193
40206
40207
40226
40244
40266
40358
40359
40367
40387
40422
40565
40681
40683
40703
40732
40801
40888
40937
40965
41026
41034
41035
41054
41061
41112
41139
41157
41187
41192
41206
41212
41238
41262
41287
41301
41354
41361
41373
41379
41386
41402
41486
41491
41492
41495
41548
41551
41588
41612
41748
41808
41820
41875
41907
41928
41949
41953
41954
41978
42036
42045
42051
42066
42075
42078
42103
42126
42129
42131
42149
42153
42156
42159
42161
42178
42208
42209
42236
42289
42324
42370
42380
42393
42401
42426
42453
42488
42492
42535
42539
42607
42628
42641
42709
42722
42782
42864
42884
42900
42901
42933
42936
43036
43087
43132
43166
43189
43224
43228
43234
43236
43340
43356
43390
43397
43417
43435
43448
43498
43527
43550
43647
43655
43688
43707
43718
43721
43729
43734
43738
43769
43780
43816
43857
43930
44006
44010
44036
44073
44078
44099
44110
44119
44129
44141
44157
44160
44167
44170
44192
44199
44276
44353
44397
44433
44446
44450
44522
44556
44622
44650
44695
44703
44741
44825
44860
44868
44887
44960
45023
45036
45044
45057
45063
45083
45093
45102
45108
45122
45136
45200
45253
45265
45279
45303
45333
45427
45566
45570
45589
45590
45595
45624
45628
45643
45677
45763
45766
45770
45814
45818
45825
45881
45941
45967
45970
46076
46099
46123
46141
46154
46162
46191
46204
46300
46356
46386
46402
46414
46415
46416
46423
46429
46525
46545
46579
46593
46626
46643
46737
46738
46751
46763
46766
46798
46860
46912
46954
46977
46981
47012
47046
47081
47109
47117
47132
47143
47175
47194
47202
47270
47316
47372
47388
47396
47413
47418
47455
47482
47540
47560
47597
47616
47649
47699
47706
47720
47741
47788
47838
47873
47885
47887
47946
47962
47963
47966
47972
47976
47991
48020
48050
48078
48104
48138
48160
48170
48177
48247
48257
48344
48362
48388
48393
48399
48452
48453
48516
48572
48581
48629
48648
48664
48702
48752
48756
48783
48795
48813
48839
48857
48860
48866
48867
48911
48936
48974
48979
48983
49044
49073
49130
49177
49206
49262
49326
49336
49349
49353
49375
49408
49410
49460
49476
49521
49667
49684
49698
49714
49776
49841
49859
49872
49962
49970
50037
50071
50073
50114
50144
50145
50177
50183
50285
50314
50317
50378
50392
50430
50465
50471
50477
50488
50492
50513
50583
50586
50606
50611
50632
50634
50739
50756
50817
50835
50841
50858
50885
50895
50949
51011
51038
51042
51052
51059
51090
51151
51180
51306
51332
51353
51382
51388
51400
51405
51499
51629
51710
51822
51833
51853
51854
51871
51918
51923
51952
51974
51990
52024
52046
52119
52136
52208
52209
52211
52223
52240
52254
52322
52326
52523
52573
52608
52635
52661
52684
52690
52759
52777
52853
52925
52959
53030
53057
53072
53082
53116
53117
53207
53211
53220
53234
53265
53288
53289
53339
53356
53401
53416
53465
53477
53478
53482
53487
53532
53551
53589
53625
53652
53653
53655
53727
53769
53805
53843
53867
53874
53905
53931
53941
53977
53979
54019
54100
54129
54262
54282
54293
54359
54361
54365
54400
54404
54424
54493
54525
54530
54531
54556
54559
54576
54616
54619
54669
54813
54843
54857
54895
54911
54921
54927
54976
54983
55064
55070
55087
55187
55241
55248
55313
55335
55362
55415
55449
55474
55481
55489
55535
55554
55607
55651
55675
55710
55716
55718
55762
55836
55906
55995
56000
56010
56027
56040
56058
56065
56096
56118
56144
56162
56245
56260
56292
56294
56367
56368
56455
56521
56523
56553
56566
56653
56734
56780
56798
56804
56809
56845
57067
57071
57087
57113
57114
57138
57150
57181
57199
57252
57324
57333
57350
57354
57369
57396
57497
57540
57555
57598
57639
57712
57725
57734
57757
57795
57799
57865
57913
57915
57948
57960
57965
58002
58061
58069
58097
58099
58116
58126
58135
58137
58174
58201
58240
58248
58292
58355
58385
58471
58480
58482
58483
58520
58521
58540
58607
58627
58671
58679
58697
58703
58704
58707
58709
58741
58750
58817
58821
58826
58848
58882
58894
58914
58930
58931
58941
58956
58963
58970
59030
59041
59057
59125
59137
59150
59160
59165
59170
59193
59198
59224
59295
59308
59315
59329
59340
59371
59390
59438
59441
59448
59449
59492
59509
59519
59543
59556
59564
59642
59652
59657
59664
59669
59675
59738
59747
59805
59823
59826
59854
59948
59974
59997
60013
60027
60030
60041
60100
60110
60128
60214
60258
60260
60302
60371
60408
60429
60491
60563
60565
60573
60604
60699
60702
60708
60726
60759
60765
60768
60769
60789
60832
60889
60898
60941
60992
60997
61020
61058
61060
61153
61171
61172
61204
61205
61222
61254
61313
61320
61349
61354
61383
61404
61407
61409
61422
61424
61454
61494
61497
61554
61562
61573
61616
61625
61636
61640
61693
61727
61743
61744
61769
61806
61830
61843
61858
61871
61924
61963
61992
62051
62052
62095
62115
62200
62223
62242
62247
62260
62325
62396
62426
62640
62647
62687
62688
62693
62699
62708
62718
62721
62731
62742
62819
62852
62862
62872
62877
62878
62884
62886
62891
62895
62946
62953
62972
62982
63013
63014
63026
63095
63151
63156
63169
63173
63201
63209
63317
63444
63506
63528
63540
63666
63718
63738
63744
63745
63767
63813
63818
63826
63836
63858
63938
63939
63954
63963
64028
64039
64052
64128
64152
64297
64315
64320
64328
64344
64350
64355
64406
64412
64429
64436
64498
64509
64528
64575
64590
64593
64597
64620
64641
64646
64677
64698
64702
64704
64746
64753
64793
64819
64846
64860
64877
64883
64886
64954
64975
64998
65005
65037
65052
65060
65066
65075
65093
65145
65167
65244
65298
65326
65432
65493
65546
65574
65600
65609
65659
65676
65716
65721
65737
65759
65761
65763
65772
65773
65791
65801
65831
65838
65851
65852
65913
65933
65960
65961
66014
66019
66041
66096
66130
66138
66150
66154
66164
66212
66233
66251
66353
66398
66400
66406
66423
66425
66497
66508
66540
66581
66587
66616
66619
66622
66639
66659
66667
66700
66722
66770
66777
66800
66855
66861
66929
66941
66995
67016
67043
67074
67104
67105
67106
67108
67129
67139
67142
67149
67155
67259
67272
67302
67307
67370
67379
67381
67424
67445
67450
67549
67589
67622
67649
67653
67697
67699
67747
67765
67794
67813
67860
67913
67922
67933
67954
67959
67982
68005
68035
68069
68086
68092
68110
68124
68161
68163
68178
68210
68213
68264
68272
68297
68319
68338
68381
68391
68407
68473
68481
68482
68492
68522
68543
68557
68559
68583
68607
68608
68674
68706
68745
68793
68797
68927
68935
68941
68942
68952
68963
68971
68978
68996
69004
69026
69038
69043
69132
69140
69166
69167
69172
69194
69198
69249
69327
69374
69438
69515
69544
69562
69608
69623
69625
69637
69663
69664
69693
69718
69719
69790
69796
69818
69843
69847
69861
69988
70010
70026
70036
70044
70061
70068
70071
70181
70182
70222
70238
70264
70265
70363
70461
70540
70563
70564
70650
70764
70803
70850
70891
70903
70920
70959
70970
70984
71001
71026
71030
71046
71159
71161
71186
71217
71242
71256
71274
71315
71318
71319
71320
71372
71395
71435
71457
71464
71539
71644
71677
71685
71697
71721
71813
71830
71919
71929
71962
71980
71998